state	incident_counts	% of less than hs	% of some college or associate	% of bachelor
Illinois	5089	0.10909311837512951	0.28565312022190736	0.21016320439845518
California	4588	0.16676998657347222	0.28908366431124266	0.2105173180693492
Florida	4156	0.11623917614286436	0.29891205676204746	0.18904570831622025
Texas	2875	0.16358842902658863	0.28960591748044257	0.19341253398331817
Ohio	2701	0.09743162172845136	0.289610536859401	0.17313378982533575
Pennsylvania	2172	0.09422061007213385	0.24158589114728282	0.18942382869824062
North Carolina	2141	0.12212364570527028	0.30698114840331076	0.20121610284951694
New York	2031	0.13421078678649476	0.24252427369914417	0.20222077323333573
Georgia	1994	0.12955809621367437	0.2805399805627183	0.19019809380069042
Louisiana	1987	0.1486467387350546	0.2731831180372768	0.1546141576533109
Tennessee	1874	0.12202021029745755	0.28034001873834163	0.17235438610791046
Massachusetts	1761	0.09239871669493187	0.2305317262574884	0.23944210519501322
Missouri	1730	0.10301461951316479	0.2986288860376722	0.17921631699104276
South Carolina	1721	0.12626794829393026	0.2986746523005786	0.1762631426272507
Maryland	1579	0.10077948864623415	0.2577468972579928	0.21333360847143826
Indiana	1483	0.11382771513287551	0.29089916233721286	0.16983408401248434
Virginia	1473	0.10267421854952423	0.2685727020994698	0.21978567699695167
Alabama	1461	0.13504413061732104	0.2985182228584844	0.1595412990122392
Wisconsin	1369	0.0762893828076229	0.31297213325851875	0.19773378562292096
Michigan	1360	0.09091330354537336	0.32905689871849203	0.1761725159876879
New Jersey	1342	0.10075886938214187	0.22981462299211264	0.24170179089452978
District of Columbia	1142	0.0977145814716122	0.1571548722842459	0.23891762060920232
Kentucky	1030	0.13663213703558816	0.2934311994920093	0.14041821783909852
Mississippi	1029	0.15615862680360387	0.32116155380814265	0.1353618384956983
Washington	881	0.08701798992075215	0.33685079953461095	0.22155999410423585
Oklahoma	866	0.11947584570760907	0.3141875198634093	0.1690537555085922
Arkansas	820	0.13321164430556096	0.29250029127692817	0.15001707828826757
Colorado	809	0.0836290720102311	0.29097860111332396	0.2603025377884433
Connecticut	780	0.09595148713597508	0.24582313158669272	0.21404260233357686
Minnesota	759	0.06924436059978573	0.32176128832823064	0.2352520209526955
Arizona	587	0.12839132293379282	0.3368195863531607	0.18318736705012267
Iowa	586	0.07908891933699125	0.32630548892048317	0.19419659593611757
Kansas	578	0.0899241176816513	0.3149095208891652	0.2118855695479405
Oregon	511	0.09043893981617919	0.34006228467924426	0.20996865084904667
New Mexico	448	0.13910778131119855	0.3239806679961911	0.15235271923678112
Nebraska	439	0.08689509820893958	0.33350698111739174	0.20911587336629464
Nevada	437	0.13232825056466233	0.3315449936505782	0.16484746847100107
West Virginia	390	0.12917575331222886	0.25714698870520186	0.12223238363231329
Delaware	389	0.0943332650522647	0.2668053069234035	0.18026498992112053
Alaska	317	0.08313796175354732	0.3524143358785284	0.17950789204275264
Utah	224	0.07856171337713837	0.3519253873078512	0.22813137132019912
New Hampshire	206	0.06947771671337832	0.2807803717099598	0.22625142875037188
Maine	203	0.07696194455306975	0.2929075678679482	0.19949780805565276
South Dakota	199	0.08289140018692598	0.3280533417803916	0.19110831089583488
Rhode Island	191	0.11709040678780247	0.24904711052975093	0.20312794703712098
Montana	167	0.0701000185168296	0.3260882782941302	0.21740139788244853
Idaho	163	0.09150935250245551	0.3592069711131978	0.18240887651242862
North Dakota	133	0.07062455636574821	0.35801687423372264	0.21787483061237659
Wyoming	91	0.07055197317513541	0.3572633479494454	0.1736187774052102
Vermont	71	0.07380477021947927	0.25327420452708715	0.22486096155641103
Hawaii	68	0.07730540098462131	0.31214319504802834	0.21748364309883098
